8731
6573
7826
6999
782
7255
7062
1035
9989
9731
9618
8802
9501
4371
8216
1638
9404
4863
1670
5264
6298
9512
3191
1012
2216
6242
4014
2624
5914
3735
8576
5068
6182
7797
1637
5117
3062
6057
5302
9288
6886
9440
3983
5209
6967
8265
5398
5051
4582
7933
8305
191
9077
7268
1681
5655
3847
882
1185
2597
8353
1926
1113
114
8814
7497
3412
4976
4413
7595
5123
5652
4418
7314
3354
4609
1401
1485
256
2210
5626
260
9743
3444
7457
4699
10
995
5322
2236
805
7559
9058
5439
5623
6387
6207
9966
9872
4524
9102
886
8484
6514
695
6669
6477
4618
5559
623
4150
2981
7118
8742
9554
8296
8913
1801
9339
284
5964
8399
9998
6324
9293
8072
8524
5214
8531
8140
2654
5945
2737
3742
428
6373
8688
4452
9571
5265
8910
3661
7727
9878
4685
1693
1709
4166
4278
6892
2746
4093
9795
9655
5406
3699
7242
852
7264
1125
6779
731
859
5615
8034
9234
6704
7343
1848
7223
843
6792
9942
4
239
8452
8079
2780
2773
1919
2230
6085
2473
4379
7401
6765
8365
4123
2151
658
4511
2350
7151
9871
8745
7902
5703
7449
9025
5401
6072
8055
44
506
5437
3035
7688
8752
244
7440
4378
2783
8080
6346
3002
3820
3027
272
5638
3759
3414
8060
1301
788
5905
9050
6718
5247
5448
2434
5023
4933
3167
455
2284
5365
7564
2598
2781
8347
6152
9677
347
609
6648
9937
771
5589
8869
279
5149
2669
8906
3307
7766
8806
2421
8889
2759
6708
6121
981
589
5232
2156
1922
8291
1322
6313
4907
2893
2311
8994
5682
804
6163
9668
1109
9885
9007
9254
5625
2731
7768
6830
2081
7260
5100
4974
187
2543
3452
6260
7586
1675
2924
1863
9939
7528
6140
2220
8825
88
367
9780
4037
7413
3812
9556
5108
8557
6179
7452
6263
9580
3234
4462
5835
4998
8185
2581
7196
7801
5040
363
322
8144
6885
3667
2557
1635
557
6602
8982
9359
9348
7293
497
8009
4356
8817
9088
6162
3165
799
4436
4910
5954
673
5485
4504
70
6276
5493
2832
4422
190
2992
7958
7839
6675
41
6960
8450
3164
285
4282
1881
5744
5374
1833
4220
2951
5614
798
4712
5471
1003
8506
3831
6354
3599
2196
2487
3612
7050
5016
5820
169
6316
2052
2721
6821
6303
2625
3176
6370
6134
8744
2716
7110
6293
2869
8245
4067
939
3981
8420
6490
7911
1816
6366
3458
9692
6076
9584
6907
5224
7997
2016
7469
7514
8357
7018
5969
7570
6051
8736
9907
4024
9727
3245
2415
7415
4833
6878
1556
2914
177
8919
7697
3675
255
8036
1682
683
236
4527
2106
5413
4453
4965
9643
3066
9155
5483
4954
8217
5617
5010
9468
7326
617
218
4477
6413
8772
7482
92
6069
6896
8187
9729
4708
435
1054
9071
7161
4738
2620
8164
7210
1813
8054
4450
1731
1321
2922
9435
8811
9034
3235
4621
8698
9509
2466
6943
7830
1097
3802
1100
390
1760
840
6120
4591
8482
3363
2051
9489
4182
849
5939
956
8577
3704
2019
6355
9819
3728
7247
3469
1122
515
7920
6751
7392
5875
3195
7159
176
7263
8694
9526
8818
6141
7024
5552
7353
1294
6414
4370
4040
4060
9361
7310
7091
9355
6902
3406
6813
8410
8048
4013
5054
8384
2064
7230
1555
3328
4138
1189
9748
6697
3232
862
4299
2851
8390
1490
5879
4235
4518
3926
8895
9166
1439
2668
8281
5550
7021
6451
7388
9476
8605
8014
361
7014
9950
4967
4237
8807
8401
8241
2656
9772
1973
7640
9902
898
2460
1527
4003
3280
1713
8373
2866
5680
750
6209
1893
4767
8280
9471
3775
9808
6855
1656
2290
7438
39
3854
546
7513
4444
9272
2303
6450
5216
7213
9438
9381
9298
664
1514
9837
3830
9330
305
6980
9802
400
2427
8986
1011
9352
5291
7678
8076
8874
8754
3710
7790
2204
9609
2105
6983
9992
3286
3687
32
7734
702
1985
9173
8555
1786
1274
1759
1835
7740
1464
5812
3359
6234
3605
2438
817
5403
1500
752
5512
9193
4196
1749
3890
9240
9779
5223
6213
8795
3093
2886
1536
1824
8106
2942
6955
9287
2152
709
2373
8475
9541
9275
6201
1667
9408
8021
6607
8995
7566
5648
3748
6186
5442
2574
8810
4654
5219
8150
8256
4069
9835
8499
9861
8130
3097
9116
9822
69
270
162
8956
5299
597
8263
4031
8394
9252
6286
5241
9198
5313
4776
2085
8964
717
8782
3447
3912
6741
8743
7949
1064
5469
3584
792
8719
4469
4717
2318
4786
2357
5864
9192
324
6258
6966
8174
7639
4108
1586
4158
4423
6206
489
7877
9205
1607
6519
3877
8112
525
5998
6426
2921
825
8285
9545
5826
2477
8011
5491
4183
9599
6997
8728
4836
2504
909
7291
582
1896
5124
6786
7838
5379
2366
3039
1811
619
7184
5519
2474
125
6197
686
7729
7053
2185
3955
2638
8258
8911
1385
3954
3379
9539
8926
6429
7431
2788
1379
2547
8490
5251
1874
7331
5495
2035
6863
2032
5779
8683
1132
1683
7358
2819
210
6491
3260
4605
3217
3419
5412
2062
3952
6368
1255
5649
3610
3377
9542
3729
8219
3770
5311
3448
5817
7690
9568
9146
668
7536
7646
764
8294
891
5488
7550
9786
830
1614
759
7960
6894
8425
6030
8664
6153
8433
3717
202
8875
2904
8107
6916
829
7878
6425
354
7521
8860
7294
4273
636
3012
5172
1302
2250
3694
8678
8877
8645
4252
7306
5723
5067
5297
7861
5157
7744
3111
3131
3664
2615
8210
9656
2038
1038
3842
159
5575
1259
6283
5966
6294
6501
2231
5924
1227
8146
68
4383
7537
8939
4241
5220
63
4512
5951
5907
8870
8954
8938
7228
7864
2118
6582
8788
254
3684
2283
5414
2679
7891
3229
5076
9672
5545
82
9163
4028
2175
5827
1578
1495
453
7043
9424
5347
3485
2518
7753
1920
1775
8935
7267
6768
8904
3888
9082
7926
7432
6735
4556
4565
3933
897
